-0.0790126
-0.0087006
-0.0674186
-0.0824616
-0.1101086
-0.1331296
-0.1553166
-0.1765276
-0.2911826
-0.3545626
-0.3971316
-0.4282056
-0.4531266
-0.4720026
-0.4858386
-0.4947936
-0.4987136
-0.4979016
-0.1778506
-0.2761876
-0.2300316
-0.2282896
-0.2098126
-0.1935166
-0.1740856
-0.1539266
-0.1309616
-0.1073566
-0.0825046
-0.0568866
-0.0310156
-0.0046986
0.0222906
0.0488596
0.0741636
0.0997556
0.1232436
0.1467056
0.2472596
0.3088096
0.3530726
0.3889006
0.4193906
0.4444826
0.4647556
0.4804866
0.4911366
0.4976166
0.4985176
0.0000016
0.0998346
0.1986706
0.2955216
0.3894196
0.4794276
0.5646436
0.6442196
0.7173576
0.7833286
0.8414726
0.8912086
0.9320406
0.9635596
0.9854516
0.9974966
0.9995756
0.9916666
0.9738496
0.9463016
0.9092986
0.8632106
0.8084976
0.7457066
0.6754646
0.5984736
0.5155026
0.4273816
0.3349896
0.2392506
0.1411216
0.0415826
-0.0583756
-0.1577476
-0.2555426
-0.3507846
-0.4425216
-0.5298376
-0.6118596
-0.6877676
-0.7568036
-0.8182786
-0.8715776
-0.9161676
-0.9516036
-0.9775316
-0.9936926
-0.9999246
-0.9961666
-0.9824546
