0.6223336
3.5364746
-2.5641106
-3.4318106
1.4212576
2.0021706
-3.6964416
-4.1321556
5.7754466
3.4776906
-5.1933016
0.3909686
1.3013496
-3.6119886
2.7868576
-2.6871386
-2.4536326
-2.6988506
-1.1472886
1.3834156
-2.4312956
4.9714796
-4.0121506
4.8419316
-0.8118796
-3.5046526
1.6426156
-2.0510236
5.5595566
-3.2532086
-1.5562566
-1.0624656
-1.6851246
7.8569926
-0.7834436
-3.7573896
0.0276596
2.2274676
-2.9099766
3.6437436
2.1280466
4.9960506
6.3340526
-2.9043126
-6.3973626
5.9057076
-0.0146476
2.1141276
-1.5395726
-4.0049656
-4.7525206
-1.8150716
-1.7078786
8.7647736
-2.1820886
-6.6071446
1.3472216
4.0981976
-3.7562146
-9.2045336
-8.1397206
-1.0499216
-8.5982636
-6.3742546
-5.5336046
-9.5044316
-4.9123976
2.0677326
-2.3837276
2.3070206
1.6844326
9.8076456
2.2494476
-3.6443386
7.3638236
3.5391676
4.3606596
-2.2199516
-1.4461886
1.6868726
-0.0291556
9.8325216
-4.6934006
-7.8659926
4.9012746
5.9977796
-8.1533746
2.0684546
-7.9624716
-1.0566296
-6.1472946
-9.3389466
-9.7100666
9.5135126
-9.7386576
1.9721676
-8.3197936
-3.3476326
-5.2006736
3.7056756
-7.4324796
-6.1076646
-3.2843696
4.8059076
-0.9879876
-9.4617726
-9.9709276
9.1535706
9.8387556
-7.5476466
0.6034616
8.6409056
-8.3241066
7.2472466
-1.0780776
-6.9716106
-5.9438876
-2.5113446
-1.1149816
-3.5353576
9.7846296
-2.6553146
3.9827146
-2.2897076
-3.5142446
-3.5582966
6.6668596
-9.9981256
1.7182676
-2.1510856
5.4356776
5.8057736
-8.4082786
3.8055916
1.5734636
-6.1178346
0.5432416
5.3153916
8.3937546
8.8485156
6.3152726
-8.6357866
3.5322106
2.6039816
1.8135216
-1.5411346
-2.2998376
-1.4536746
-3.3214826
